fill_order_cw_from_top,number_ID,double,treble,angle_value
1,20,40,60,18
2,1,2,3,18
3,18,36,54,18
4,4,8,12,18
5,13,26,39,18
6,6,12,18,18
7,10,20,30,18
8,15,30,45,18
9,2,4,6,18
10,17,34,51,18
11,3,6,9,18
12,19,38,57,18
13,7,14,21,18
14,16,32,48,18
15,8,16,24,18
16,11,22,33,18
17,14,28,42,18
18,9,18,27,18
19,12,24,36,18
20,5,10,15,18